00000000
00000010
00000101
00001000
00001011
00001110
00010001
00010100
00010111
00011011
00011110
00100001
00100100
00100111
00101010
00101101
00101111
00110010
00110101
00111000
00111011
00111110
01000000
01000011
01000110
01001000
01001011
01001101
01010000
01010010
01010100
01010111
01011001
01011011
01011101
01011111
01100001
01100011
01100101
01100111
01101001
01101011
01101100
01101110
01101111
01110001
01110010
01110100
01110101
01110110
01110111
01111000
01111001
01111010
01111011
01111011
01111100
01111101
01111101
01111110
01111110
01111110
01111110
01111110
01111111
01111110
01111110
01111110
01111110
01111110
01111101
01111101
01111100
01111011
01111011
01111010
01111001
01111000
01110111
01110110
01110101
01110100
01110010
01110001
01101111
01101110
01101100
01101011
01101001
01100111
01100101
01100011
01100001
01011111
01011101
01011011
01011001
01010111
01010100
01010010
01010000
01001101
01001011
01001000
01000110
01000011
01000000
00111110
00111011
00111000
00110101
00110010
00101111
00101101
00101010
00100111
00100100
00100001
00011110
00011011
00010111
00010100
00010001
00001110
00001011
00001000
00000101
00000010
00000000
11111101
11111010
11110111
11110100
11110001
11101110
11101011
11101000
11100100
11100001
11011110
11011011
11011000
11010101
11010010
11010000
11001101
11001010
11000111
11000100
11000001
10111111
10111100
10111001
10110111
10110100
10110010
10101111
10101101
10101011
10101000
10100110
10100100
10100010
10100000
10011110
10011100
10011010
10011000
10010110
10010100
10010011
10010001
10010000
10001110
10001101
10001011
10001010
10001001
10001000
10000111
10000110
10000101
10000100
10000100
10000011
10000010
10000010
10000001
10000001
10000001
10000001
10000001
10000000
10000001
10000001
10000001
10000001
10000001
10000010
10000010
10000011
10000100
10000100
10000101
10000110
10000111
10001000
10001001
10001010
10001011
10001101
10001110
10010000
10010001
10010011
10010100
10010110
10011000
10011010
10011100
10011110
10100000
10100010
10100100
10100110
10101000
10101011
10101101
10101111
10110010
10110100
10110111
10111001
10111100
10111111
11000001
11000100
11000111
11001010
11001101
11010000
11010010
11010101
11011000
11011011
11011110
11100001
11100100
11101000
11101011
11101110
11110001
11110100
11110111
11111010
11111101
